
======================================================================
  Analysis of 50 Nebius traces
======================================================================

## Step-level rates (trace-mean with bootstrap CI)
  Error rate:      +0.2768 [+0.2128, +0.3727] (n=50, method=bootstrap_bca)
  Neutral rate:    +0.6961 [+0.6072, +0.7594] (n=50, method=bootstrap_bca)
  Productive rate: +0.0271 [+0.0189, +0.0370] (n=50, method=bootstrap_bca)

## Per-trace OLS slopes (bootstrap CI over traces)
  Error rate slope:   +0.0028 [+0.0014, +0.0047] (n=50, method=bootstrap_bca)
    traces used: 50/50
  Neutral rate slope: -0.0006 [-0.0022, +0.0010] (n=50, method=bootstrap_bca)
    traces used: 50/50

## Mixed-effects step-level model
  Frame: 3800 rows, 50 traces
  Formula: is_error ~ step_index + complexity_num + C(model) + C(trace_success) + C(step_phase)
  fit_usable: True, converged: True
    Intercept: +0.0743 [-0.3176, +0.4661] p=0.7102 
    C(model)[T.swe-agent-llama-70b]: +0.2609 [-0.1355, +0.6572] p=0.1970 
    C(model)[T.swe-agent-llama-8b]: +0.2261 [-0.1773, +0.6295] p=0.2720 
    C(trace_success)[T.1.0]: -0.1527 [-0.5494, +0.2439] p=0.4504 
    C(step_phase)[T.explore]: -0.1757 [-0.2121, -0.1393] p=0.0000 *
    step_index: +0.0001 [-0.0002, +0.0004] p=0.3752 
    complexity_num: -0.0578 [-0.0951, -0.0206] p=0.0023 *
  Random effects: group_var=0.0376, residual_var=0.1525, ICC=0.198

## Interaction model: step_index * step_phase
  Formula: is_error ~ step_index * C(step_phase) + complexity_num + C(trace_success) + C(model)
  fit_usable: True
    Intercept: +0.0955 [-0.2887, +0.4797] p=0.6261 
    C(step_phase)[T.explore]: -0.2130 [-0.2567, -0.1692] p=0.0000 *
    C(trace_success)[T.1.0]: -0.1551 [-0.5438, +0.2336] p=0.4342 
    C(model)[T.swe-agent-llama-70b]: +0.2648 [-0.1236, +0.6532] p=0.1814 
    C(model)[T.swe-agent-llama-8b]: +0.2286 [-0.1669, +0.6241] p=0.2573 
    step_index: -0.0005 [-0.0011, +0.0000] p=0.0519 
    >> step_index:C(step_phase)[T.explore]: +0.0009 [+0.0003, +0.0016] p=0.0027 *
    complexity_num: -0.0577 [-0.0949, -0.0205] p=0.0024 *

## SIMEX correction on step_index slope
  Flip probability (from Phase 1): 0.12
  Naive OLS slope:     +0.0014 (n=3800, method=simex_naive)
  Corrected OLS slope: +0.0017 [+0.0016, +0.0017] (n=3800, method=simex_bootstrap)
  Mixed-effects step_index not significant — correction ratio not applied

## Kaplan-Meier first-error survival
  Median survival time: +5.0000 [+3.0000, +8.0000] (n=50, method=km_median)
  n_traces=50, n_events=48

## Cascade chain analysis
  Raw chain lengths: [1, 1, 1, 1, 1, 1, 1, 1, 1, 1, 1, 1, 1, 1, 1, 1, 1, 2, 1, 1, 1, 1, 1, 1, 1, 1, 1, 1, 1, 1, 1, 1, 1, 1, 1, 1, 1, 1, 1, 1, 1, 1, 1, 1, 1, 1, 1, 1, 1, 1, 2, 1, 1, 1, 1, 1, 1, 1, 1, 1, 1, 1, 1, 1, 1, 1, 1, 1, 1, 1, 1, 1, 1, 1, 1, 1, 1, 1, 2, 1, 2, 1, 1, 1, 1, 1, 1, 1, 1, 1, 1, 1, 1, 1, 1, 1, 1, 1, 1, 2, 1, 1, 1, 1, 1, 1, 1, 1, 1, 1, 1, 1, 1, 1, 1, 1, 1, 1, 1, 1, 1, 1, 1, 1, 1, 1, 1, 1, 1, 1, 1, 1, 1, 1, 2, 1, 1, 1, 1, 1, 1, 1, 1, 2, 1, 1, 1, 1, 1, 1, 1, 1, 1, 2, 1, 1, 1, 2, 1, 1, 2, 1, 1, 1, 1, 1, 1, 1, 1, 1, 1, 1, 1, 1, 1, 2, 1, 1, 1, 1, 1, 1, 1, 1, 1, 1, 1, 1, 2, 1, 1, 1, 1, 1, 1, 1, 1, 1, 1, 1, 1, 1, 1, 1, 2, 1, 1, 1, 1, 1, 1, 1, 1, 1, 1, 1, 1, 1, 1, 1, 1, 1, 1, 1, 1, 1, 1, 1, 1, 1, 1, 1, 1, 1, 1, 1, 1, 4, 1, 3, 1, 1, 2, 2, 1, 7, 1, 1, 1, 1, 1, 1, 1, 1, 1, 1, 1, 2, 2, 1, 1, 1, 1, 1, 1, 1, 1, 1, 1, 1, 1, 1, 1, 1, 1, 1, 1, 1, 1, 1, 1, 1, 1, 1, 1, 1, 1, 1, 1, 1, 1, 1, 1, 1, 1, 1, 1, 1, 1, 1, 1, 1, 1, 1, 1, 1, 1, 1, 1, 1, 1, 1, 1, 1, 1, 1, 1, 1, 1, 1, 1, 1, 1, 1, 1, 1, 1, 1, 1, 1, 1, 1, 1, 1, 1, 1, 1, 1, 1, 1, 1, 1, 2, 1, 1, 2, 1, 1, 1, 1, 1, 1, 1, 1, 1, 1, 1, 1, 2, 1, 1, 1, 1, 1, 1, 1, 1, 1, 1, 1, 1, 1, 1, 1, 1, 1, 1, 1, 1, 1, 1, 1, 1, 1, 1, 1, 1, 1, 1, 1, 1, 1, 1, 1, 1, 1, 1, 1, 1, 1, 1, 1, 2, 1, 1, 1, 1, 1, 1, 1, 1, 1, 1, 1, 1, 1, 1, 1, 1, 1, 1, 1, 1, 1, 1, 1, 1, 1, 1, 1, 1, 1, 1, 1, 1, 1, 1, 1, 1, 1, 1, 1, 1, 1, 1, 1, 1, 1, 1, 1, 1, 1, 1, 1, 1, 1, 1, 1, 1, 1, 1, 1, 1, 1, 1, 1, 1, 1, 1, 1, 1, 1, 1, 1, 1, 1, 1, 1, 1, 1, 1, 1, 1, 1, 2, 1, 1, 1, 1, 1, 1, 1, 1, 1, 1, 1, 1, 1, 1, 1, 1, 1, 1, 1, 1, 1, 1, 1, 1, 1, 1, 1, 1, 1, 1, 1, 1, 1, 1, 1, 1, 1, 1, 1, 1, 1, 1, 1, 1, 1, 1, 1, 1, 1, 1, 1, 1, 1, 1, 1, 1, 1, 1, 1, 1, 1, 1, 1, 1, 1, 1, 1, 1, 1, 1, 1, 1, 1, 1, 1, 1, 1, 1, 1, 1, 1, 1, 1, 1, 1, 1, 1, 1, 1, 1, 2, 1, 1, 1, 1, 1, 1, 1, 1, 1, 1, 1, 1, 1, 1, 1, 1, 1, 1, 1, 1, 1, 1, 1, 1, 1, 1, 1, 1, 1, 1, 1, 1, 1, 1, 1, 1, 1, 1, 1, 1, 1, 1, 1, 1, 1, 1, 1, 1, 1, 1, 1, 1, 1, 1, 1, 1, 1, 1, 3, 1, 1, 1, 1, 1, 1, 1, 1, 1, 1, 1, 1, 1, 1, 1, 1, 1, 1, 1, 1, 1, 1, 1, 1, 1, 1, 1, 1, 1, 1, 1, 1, 1, 1, 1, 1, 1, 1, 1, 1, 1, 1, 1, 1, 1, 1, 1, 1, 1, 1, 1, 1, 1, 1, 1, 1, 1, 1, 1, 1, 1, 1, 1, 1, 1, 1, 1, 1, 1, 1, 1, 1, 1, 1, 1, 1, 1, 1, 1, 1, 1, 1, 1, 1, 1, 1, 1, 2, 1, 1, 1, 1, 2, 1, 1, 1, 1, 1, 1, 1, 1, 1, 1, 1, 1, 1, 1, 1, 1, 1, 1, 2, 1, 1, 1, 1, 1, 1, 1, 1, 1, 1, 1, 1, 1, 1, 1, 1, 1, 1, 1, 1, 1, 1, 1, 1, 1, 1, 1, 1, 1, 1, 1, 1, 1, 1, 1, 1, 1, 1, 1, 1, 1, 1, 1, 1, 1, 1, 1, 1, 1, 1, 1, 1, 1, 1, 1, 1, 1, 1, 1, 1, 1, 1, 1, 1, 1, 1, 1, 1, 1, 1, 1, 1, 1, 1, 1, 1, 1, 1, 1, 1, 1, 1, 1, 1, 1, 1, 1, 1, 1, 1, 1, 1, 1, 1, 1, 1, 1, 1, 1, 2, 1, 1, 1, 1, 1, 1, 1, 1, 1, 1, 1, 1, 1, 1, 1, 1, 1, 1, 1, 1, 1, 1, 1, 1, 1, 1, 1, 1, 1, 1, 1, 1, 1, 1, 1, 1, 1, 1, 1, 1, 1, 1, 1, 1, 1, 1, 1, 1, 1, 1, 1, 1, 1, 1, 1, 1, 1, 1, 1, 1, 1, 1, 1, 1, 1, 1, 2, 1, 1, 1, 1, 1, 1, 1, 1, 1, 1, 1, 1, 1, 1, 1, 1, 1, 1, 1, 1, 1, 1, 1, 1, 1, 1, 1, 1, 1, 1, 1, 1, 1, 1, 1, 1, 1, 1, 1, 1, 1, 1, 1, 1, 1, 1, 1, 1, 1, 1, 1, 1, 1, 1, 1, 1, 1, 1, 1, 1, 1, 1, 1, 1, 1, 1, 1, 1, 1, 1, 1, 1, 1, 1, 1, 1, 1, 1, 1, 1, 1, 1, 1, 1, 1, 1, 1, 1, 1, 1, 1, 1, 1, 1, 1, 1, 1]
  Mean chain length: +1.0406 [+1.0222, +1.0980] (n=50, method=bootstrap_bca)

## Loop analysis
  Raw loop rate: 0.675
  Loop chain lengths: [1, 2, 29, 4, 2, 1, 1, 2, 2, 4, 3, 3, 5, 2, 1, 1, 1, 1, 1, 3, 1, 7, 1, 1, 1, 1, 2, 2, 9, 22, 1, 2, 1, 1, 3, 9, 1, 3, 11, 1, 1, 1, 4, 1, 2, 2, 10, 5, 1, 4, 1, 1, 3, 1, 3, 1, 2, 3, 1, 3, 1, 2, 1, 2, 1, 2, 3, 8, 1, 3, 7, 1, 1, 3, 2, 1, 19, 1, 1, 1, 44, 1, 1, 3, 3, 20, 5, 1, 1, 3, 1, 3, 1, 1, 3, 1, 6, 26, 1, 2, 1, 5, 2, 1, 2, 1, 2, 4, 1, 1, 1, 1, 1, 1, 2, 1, 56, 1, 2, 1, 1, 1, 2, 4, 6, 3, 1, 1, 1, 1, 37, 59, 2, 40, 2, 1, 1, 1, 9, 2, 4, 2, 1, 1, 27, 1, 3, 74, 1, 2, 42, 5, 4, 10, 64, 76, 1, 5, 7, 2, 12, 2, 1, 1, 1, 2, 4, 1, 55, 1, 1, 2, 8, 69, 1, 2, 5, 84, 100, 1, 112, 1, 1, 141, 119, 1, 5, 19, 20, 27, 37, 24, 1, 3, 175, 221, 226, 86]
  Mean loop chain length: +12.8939 [+8.6576, +19.6976] (n=50, method=bootstrap_bca)

## Autocorrelation diagnostics
  Mean ACF: ['0.092', '0.072', '0.068'] (lags 1-3)
  n_traces_used: 50
  Ljung-Box rejection rate: +0.2500 [+0.1492, +0.3878] (n=48, method=wilson)
  n_tested=48, n_rejected=12

